EURUSD=1.3175

CADJPY=82.65

CHFJPY=109.759287

NZDJPY=73.1

USDCAD=1.304487

GBPCHF=1.2262

AUDNZD=1.0388
