AUDJPY=75.8694

CADJPY=82.4743

CHFJPY=109.5053

NZDUSD=0.676038

GBPAUD=1.774898
