AUDCHF=0.677501

AUDJPY=73.0998

AUDNZD=1.0664

AUDUSD=

CADJPY=80.9000

CHFJPY=107.01

EURAUD=1.613675

EURCHF=1.093068

EURGBP=0.896104

EURJPY=116.39

EURUSD=1.0986

GBPAUD=

GBPCHF=1.219692

GBPJPY=131.7456

GBPUSD=

NZDJPY=68.6071

NZDUSD=0.6296

USDCAD=

USDCHF=0.9894

USDJPY=107.0021
